0000000000000000000000000000000000000000000000000000000000000010
0000000000000000000000000000000000000000000000000000000000000100
0000000000000000000000000000000000000000000000000000000000001000
0000000000000000000000000000000000000000000000000000000000010000
0000000000000000000000000000000000000000000000000000000000100000
0000000000000000000000000000000000000000000000000000000001000000
0000000000000000000000000000000000000000000000000000000010000000
0000000000000000000000000000000000000000000000000000000100000000
0000000000000000000000000000000000000000000000000000001000000000
0000000000000000000000000000000000000000000000000000010000000000
0000000000000000000000000000000000000000000000000000100000000000
0000000000000000000000000000000000000000000000000001000000000000
0000000000000000000000000000000000000000000000000010000000000000
0000000000000000000000000000000000000000000000000100000000000000
0000000000000000000000000000000000000000000000001000000000000000
0000000000000000000000000000000000000000000000010000000000000000
0000000000000000000000000000000000000000000000100000000000000000
0000000000000000000000000000000000000000000001000000000000000000
0000000000000000000000000000000000000000000010000000000000000000
0000000000000000000000000000000000000000000100000000000000000000
0000000000000000000000000000000000000000001000000000000000000000
0000000000000000000000000000000000000000010000000000000000000000
0000000000000000000000000000000000000000100000000000000000000000
0000000000000000000000000000000000000001000000000000000000000000
0000000000000000000000000000000000000010000000000000000000000000
0000000000000000000000000000000000000100000000000000000000000000
0000000000000000000000000000000000001000000000000000000000000000
0000000000000000000000000000000000010000000000000000000000000000
0000000000000000000000000000000000100000000000000000000000000000
0000000000000000000000000000000001000000000000000000000000000000
0000000000000000000000000000000010000000000000000000000000000000
0000000000000000000000000000000100000000000000000000000000000000
0000000000000000000000000000001000000000000000000000000000000000
0000000000000000000000000000010000000000000000000000000000000000
0000000000000000000000000000100000000000000000000000000000000000
0000000000000000000000000001000000000000000000000000000000000000
0000000000000000000000000010000000000000000000000000000000000000
0000000000000000000000000100000000000000000000000000000000000000
0000000000000000000000001000000000000000000000000000000000000000
0000000000000000000000010000000000000000000000000000000000000000
0000000000000000000000100000000000000000000000000000000000000000
0000000000000000000001000000000000000000000000000000000000000000
0000000000000000000010000000000000000000000000000000000000000000
0000000000000000000100000000000000000000000000000000000000000000
0000000000000000001000000000000000000000000000000000000000000000
0000000000000000010000000000000000000000000000000000000000000000
0000000000000000100000000000000000000000000000000000000000000000
0000000000000001000000000000000000000000000000000000000000000000
0000000000000010000000000000000000000000000000000000000000000000
0000000000000100000000000000000000000000000000000000000000000000
0000000000001000000000000000000000000000000000000000000000000000
0000000000010000000000000000000000000000000000000000000000000000
0000000000100000000000000000000000000000000000000000000000000000
0000000001000000000000000000000000000000000000000000000000000000
0000000010000000000000000000000000000000000000000000000000000000
0000000100000000000000000000000000000000000000000000000000000000
0000001000000000000000000000000000000000000000000000000000000000
0000010000000000000000000000000000000000000000000000000000000000
0000100000000000000000000000000000000000000000000000000000000000
0001000000000000000000000000000000000000000000000000000000000000
0010000000000000000000000000000000000000000000000000000000000000
0100000000000000000000000000000000000000000000000000000000000000
1000000000000000000000000000000000000000000000000000000000000000
0000000000000000000000000000000000000000000000000000000000000111
0000000000000000000000000000000000000000000000000000000000001110
0000000000000000000000000000000000000000000000000000000000011100
0000000000000000000000000000000000000000000000000000000000111000
0000000000000000000000000000000000000000000000000000000001110000
0000000000000000000000000000000000000000000000000000000011100000
0000000000000000000000000000000000000000000000000000000111000000
0000000000000000000000000000000000000000000000000000001110000000
0000000000000000000000000000000000000000000000000000011100000000
0000000000000000000000000000000000000000000000000000111000000000
0000000000000000000000000000000000000000000000000001110000000000
0000000000000000000000000000000000000000000000000011100000000000
0000000000000000000000000000000000000000000000000111000000000000
0000000000000000000000000000000000000000000000001110000000000000
0000000000000000000000000000000000000000000000011100000000000000
0000000000000000000000000000000000000000000000111000000000000000
0000000000000000000000000000000000000000000001110000000000000000
0000000000000000000000000000000000000000000011100000000000000000
0000000000000000000000000000000000000000000111000000000000000000
0000000000000000000000000000000000000000001110000000000000000000
0000000000000000000000000000000000000000011100000000000000000000
0000000000000000000000000000000000000000111000000000000000000000
0000000000000000000000000000000000000001110000000000000000000000
0000000000000000000000000000000000000011100000000000000000000000
0000000000000000000000000000000000000111000000000000000000000000
0000000000000000000000000000000000001110000000000000000000000000
0000000000000000000000000000000000011100000000000000000000000000
0000000000000000000000000000000000111000000000000000000000000000
0000000000000000000000000000000001110000000000000000000000000000
0000000000000000000000000000000011100000000000000000000000000000
0000000000000000000000000000000111000000000000000000000000000000
0000000000000000000000000000001110000000000000000000000000000000
0000000000000000000000000000011100000000000000000000000000000000
0000000000000000000000000000111000000000000000000000000000000000
0000000000000000000000000001110000000000000000000000000000000000
0000000000000000000000000011100000000000000000000000000000000000
0000000000000000000000000111000000000000000000000000000000000000
0000000000000000000000001110000000000000000000000000000000000000
0000000000000000000000011100000000000000000000000000000000000000
0000000000000000000000111000000000000000000000000000000000000000
0000000000000000000001110000000000000000000000000000000000000000
0000000000000000000011100000000000000000000000000000000000000000
0000000000000000000111000000000000000000000000000000000000000000
0000000000000000001110000000000000000000000000000000000000000000
0000000000000000011100000000000000000000000000000000000000000000
0000000000000000111000000000000000000000000000000000000000000000
0000000000000001110000000000000000000000000000000000000000000000
0000000000000011100000000000000000000000000000000000000000000000
0000000000000111000000000000000000000000000000000000000000000000
0000000000001110000000000000000000000000000000000000000000000000
0000000000011100000000000000000000000000000000000000000000000000
0000000000111000000000000000000000000000000000000000000000000000
0000000001110000000000000000000000000000000000000000000000000000
0000000011100000000000000000000000000000000000000000000000000000
0000000111000000000000000000000000000000000000000000000000000000
0000001110000000000000000000000000000000000000000000000000000000
0000011100000000000000000000000000000000000000000000000000000000
0000111000000000000000000000000000000000000000000000000000000000
0001110000000000000000000000000000000000000000000000000000000000
0011100000000000000000000000000000000000000000000000000000000000
0111000000000000000000000000000000000000000000000000000000000000
1110000000000000000000000000000000000000000000000000000000000000
1100000000000000000000000000000000000000000000000000000000000111
1000000000000000000000000000000000000000000000000000000000001001
0000000000000000000000000000000000000000000000000000000000010101
0000000000000000000000000000000000000000000000000000000000101010
0000000000000000000000000000000000000000000000000000000001010100
0000000000000000000000000000000000000000000000000000000010101000
0000000000000000000000000000000000000000000000000000000101010000
0000000000000000000000000000000000000000000000000000001010100000
0000000000000000000000000000000000000000000000000000010101000000
0000000000000000000000000000000000000000000000000000101010000000
0000000000000000000000000000000000000000000000000001010100000000
0000000000000000000000000000000000000000000000000010101000000000
0000000000000000000000000000000000000000000000000101010000000000
0000000000000000000000000000000000000000000000001010100000000000
0000000000000000000000000000000000000000000000010101000000000000
0000000000000000000000000000000000000000000000101010000000000000
0000000000000000000000000000000000000000000001010100000000000000
0000000000000000000000000000000000000000000010101000000000000000
0000000000000000000000000000000000000000000101010000000000000000
0000000000000000000000000000000000000000001010100000000000000000
0000000000000000000000000000000000000000010101000000000000000000
0000000000000000000000000000000000000000101010000000000000000000
0000000000000000000000000000000000000001010100000000000000000000
0000000000000000000000000000000000000010101000000000000000000000
0000000000000000000000000000000000000101010000000000000000000000
0000000000000000000000000000000000001010100000000000000000000000
0000000000000000000000000000000000010101000000000000000000000000
0000000000000000000000000000000000101010000000000000000000000000
0000000000000000000000000000000001010100000000000000000000000000
0000000000000000000000000000000010101000000000000000000000000000
0000000000000000000000000000000101010000000000000000000000000000
0000000000000000000000000000001010100000000000000000000000000000
0000000000000000000000000000010101000000000000000000000000000000
0000000000000000000000000000101010000000000000000000000000000000
0000000000000000000000000001010100000000000000000000000000000000
0000000000000000000000000010101000000000000000000000000000000000
0000000000000000000000000101010000000000000000000000000000000000
0000000000000000000000001010100000000000000000000000000000000000
0000000000000000000000010101000000000000000000000000000000000000
0000000000000000000000101010000000000000000000000000000000000000
0000000000000000000001010100000000000000000000000000000000000000
0000000000000000000010101000000000000000000000000000000000000000
0000000000000000000101010000000000000000000000000000000000000000
0000000000000000001010100000000000000000000000000000000000000000
0000000000000000010101000000000000000000000000000000000000000000
0000000000000000101010000000000000000000000000000000000000000000
0000000000000001010100000000000000000000000000000000000000000000
0000000000000010101000000000000000000000000000000000000000000000
0000000000000101010000000000000000000000000000000000000000000000
0000000000001010100000000000000000000000000000000000000000000000
0000000000010101000000000000000000000000000000000000000000000000
0000000000101010000000000000000000000000000000000000000000000000
0000000001010100000000000000000000000000000000000000000000000000
0000000010101000000000000000000000000000000000000000000000000000
0000000101010000000000000000000000000000000000000000000000000000
0000001010100000000000000000000000000000000000000000000000000000
0000010101000000000000000000000000000000000000000000000000000000
0000101010000000000000000000000000000000000000000000000000000000
0001010100000000000000000000000000000000000000000000000000000000
0010101000000000000000000000000000000000000000000000000000000000
0101010000000000000000000000000000000000000000000000000000000000
1010100000000000000000000000000000000000000000000000000000000000
0101000000000000000000000000000000000000000000000000000000000111
1010000000000000000000000000000000000000000000000000000000001110
0100000000000000000000000000000000000000000000000000000000011011
1000000000000000000000000000000000000000000000000000000000110110
0000000000000000000000000000000000000000000000000000000001101011
0000000000000000000000000000000000000000000000000000000011010110
0000000000000000000000000000000000000000000000000000000110101100
0000000000000000000000000000000000000000000000000000001101011000
0000000000000000000000000000000000000000000000000000011010110000
0000000000000000000000000000000000000000000000000000110101100000
0000000000000000000000000000000000000000000000000001101011000000
0000000000000000000000000000000000000000000000000011010110000000
0000000000000000000000000000000000000000000000000110101100000000
0000000000000000000000000000000000000000000000001101011000000000
0000000000000000000000000000000000000000000000011010110000000000
0000000000000000000000000000000000000000000000110101100000000000
0000000000000000000000000000000000000000000001101011000000000000
0000000000000000000000000000000000000000000011010110000000000000
0000000000000000000000000000000000000000000110101100000000000000
0000000000000000000000000000000000000000001101011000000000000000
0000000000000000000000000000000000000000011010110000000000000000
0000000000000000000000000000000000000000110101100000000000000000
0000000000000000000000000000000000000001101011000000000000000000
0000000000000000000000000000000000000011010110000000000000000000
0000000000000000000000000000000000000110101100000000000000000000
0000000000000000000000000000000000001101011000000000000000000000
0000000000000000000000000000000000011010110000000000000000000000
0000000000000000000000000000000000110101100000000000000000000000
0000000000000000000000000000000001101011000000000000000000000000
0000000000000000000000000000000011010110000000000000000000000000
0000000000000000000000000000000110101100000000000000000000000000
0000000000000000000000000000001101011000000000000000000000000000
0000000000000000000000000000011010110000000000000000000000000000
0000000000000000000000000000110101100000000000000000000000000000
0000000000000000000000000001101011000000000000000000000000000000
0000000000000000000000000011010110000000000000000000000000000000
0000000000000000000000000110101100000000000000000000000000000000
0000000000000000000000001101011000000000000000000000000000000000
0000000000000000000000011010110000000000000000000000000000000000
0000000000000000000000110101100000000000000000000000000000000000
0000000000000000000001101011000000000000000000000000000000000000
0000000000000000000011010110000000000000000000000000000000000000
0000000000000000000110101100000000000000000000000000000000000000
0000000000000000001101011000000000000000000000000000000000000000
0000000000000000011010110000000000000000000000000000000000000000
0000000000000000110101100000000000000000000000000000000000000000
0000000000000001101011000000000000000000000000000000000000000000
0000000000000011010110000000000000000000000000000000000000000000
0000000000000110101100000000000000000000000000000000000000000000
0000000000001101011000000000000000000000000000000000000000000000
0000000000011010110000000000000000000000000000000000000000000000
0000000000110101100000000000000000000000000000000000000000000000
0000000001101011000000000000000000000000000000000000000000000000
0000000011010110000000000000000000000000000000000000000000000000
0000000110101100000000000000000000000000000000000000000000000000
0000001101011000000000000000000000000000000000000000000000000000
0000011010110000000000000000000000000000000000000000000000000000
0000110101100000000000000000000000000000000000000000000000000000
0001101011000000000000000000000000000000000000000000000000000000
0011010110000000000000000000000000000000000000000000000000000000
0110101100000000000000000000000000000000000000000000000000000000
1101011000000000000000000000000000000000000000000000000000000000
1010110000000000000000000000000000000000000000000000000000000111
0101100000000000000000000000000000000000000000000000000000001001
1011000000000000000000000000000000000000000000000000000000010010
0110000000000000000000000000000000000000000000000000000000100011
1100000000000000000000000000000000000000000000000000000001000110
1000000000000000000000000000000000000000000000000000000010001011
0000000000000000000000000000000000000000000000000000000100010001
0000000000000000000000000000000000000000000000000000001000100010
0000000000000000000000000000000000000000000000000000010001000100
0000000000000000000000000000000000000000000000000000100010001000
0000000000000000000000000000000000000000000000000001000100010000
0000000000000000000000000000000000000000000000000010001000100000
0000000000000000000000000000000000000000000000000100010001000000
0000000000000000000000000000000000000000000000001000100010000000
0000000000000000000000000000000000000000000000010001000100000000
0000000000000000000000000000000000000000000000100010001000000000
0000000000000000000000000000000000000000000001000100010000000000
0000000000000000000000000000000000000000000010001000100000000000
0000000000000000000000000000000000000000000100010001000000000000
0000000000000000000000000000000000000000001000100010000000000000
0000000000000000000000000000000000000000010001000100000000000000
0000000000000000000000000000000000000000100010001000000000000000
0000000000000000000000000000000000000001000100010000000000000000
0000000000000000000000000000000000000010001000100000000000000000
0000000000000000000000000000000000000100010001000000000000000000
0000000000000000000000000000000000001000100010000000000000000000
0000000000000000000000000000000000010001000100000000000000000000
0000000000000000000000000000000000100010001000000000000000000000
0000000000000000000000000000000001000100010000000000000000000000
0000000000000000000000000000000010001000100000000000000000000000
0000000000000000000000000000000100010001000000000000000000000000
0000000000000000000000000000001000100010000000000000000000000000
0000000000000000000000000000010001000100000000000000000000000000
0000000000000000000000000000100010001000000000000000000000000000
0000000000000000000000000001000100010000000000000000000000000000
0000000000000000000000000010001000100000000000000000000000000000
0000000000000000000000000100010001000000000000000000000000000000
0000000000000000000000001000100010000000000000000000000000000000
0000000000000000000000010001000100000000000000000000000000000000
0000000000000000000000100010001000000000000000000000000000000000
0000000000000000000001000100010000000000000000000000000000000000
0000000000000000000010001000100000000000000000000000000000000000
0000000000000000000100010001000000000000000000000000000000000000
0000000000000000001000100010000000000000000000000000000000000000
0000000000000000010001000100000000000000000000000000000000000000
0000000000000000100010001000000000000000000000000000000000000000
0000000000000001000100010000000000000000000000000000000000000000
0000000000000010001000100000000000000000000000000000000000000000
0000000000000100010001000000000000000000000000000000000000000000
0000000000001000100010000000000000000000000000000000000000000000
0000000000010001000100000000000000000000000000000000000000000000
0000000000100010001000000000000000000000000000000000000000000000
0000000001000100010000000000000000000000000000000000000000000000
0000000010001000100000000000000000000000000000000000000000000000
0000000100010001000000000000000000000000000000000000000000000000
0000001000100010000000000000000000000000000000000000000000000000
0000010001000100000000000000000000000000000000000000000000000000
0000100010001000000000000000000000000000000000000000000000000000
0001000100010000000000000000000000000000000000000000000000000000
0010001000100000000000000000000000000000000000000000000000000000
0100010001000000000000000000000000000000000000000000000000000000
1000100010000000000000000000000000000000000000000000000000000000
0001000100000000000000000000000000000000000000000000000000000111
0010001000000000000000000000000000000000000000000000000000001110
0100010000000000000000000000000000000000000000000000000000011100
1000100000000000000000000000000000000000000000000000000000111000
0001000000000000000000000000000000000000000000000000000001110111
0010000000000000000000000000000000000000000000000000000011101110
0100000000000000000000000000000000000000000000000000000111011100
1000000000000000000000000000000000000000000000000000001110111000
0000000000000000000000000000000000000000000000000000011101110111
0000000000000000000000000000000000000000000000000000111011101110
0000000000000000000000000000000000000000000000000001110111011100
0000000000000000000000000000000000000000000000000011101110111000
0000000000000000000000000000000000000000000000000111011101110000
0000000000000000000000000000000000000000000000001110111011100000
0000000000000000000000000000000000000000000000011101110111000000
0000000000000000000000000000000000000000000000111011101110000000
0000000000000000000000000000000000000000000001110111011100000000
0000000000000000000000000000000000000000000011101110111000000000
0000000000000000000000000000000000000000000111011101110000000000
0000000000000000000000000000000000000000001110111011100000000000
0000000000000000000000000000000000000000011101110111000000000000
0000000000000000000000000000000000000000111011101110000000000000
0000000000000000000000000000000000000001110111011100000000000000
0000000000000000000000000000000000000011101110111000000000000000
0000000000000000000000000000000000000111011101110000000000000000
0000000000000000000000000000000000001110111011100000000000000000
0000000000000000000000000000000000011101110111000000000000000000
0000000000000000000000000000000000111011101110000000000000000000
0000000000000000000000000000000001110111011100000000000000000000
0000000000000000000000000000000011101110111000000000000000000000
0000000000000000000000000000000111011101110000000000000000000000
0000000000000000000000000000001110111011100000000000000000000000
0000000000000000000000000000011101110111000000000000000000000000
0000000000000000000000000000111011101110000000000000000000000000
0000000000000000000000000001110111011100000000000000000000000000
0000000000000000000000000011101110111000000000000000000000000000
0000000000000000000000000111011101110000000000000000000000000000
0000000000000000000000001110111011100000000000000000000000000000
0000000000000000000000011101110111000000000000000000000000000000
0000000000000000000000111011101110000000000000000000000000000000
0000000000000000000001110111011100000000000000000000000000000000
0000000000000000000011101110111000000000000000000000000000000000
0000000000000000000111011101110000000000000000000000000000000000
0000000000000000001110111011100000000000000000000000000000000000
0000000000000000011101110111000000000000000000000000000000000000
0000000000000000111011101110000000000000000000000000000000000000
0000000000000001110111011100000000000000000000000000000000000000
0000000000000011101110111000000000000000000000000000000000000000
0000000000000111011101110000000000000000000000000000000000000000
0000000000001110111011100000000000000000000000000000000000000000
0000000000011101110111000000000000000000000000000000000000000000
0000000000111011101110000000000000000000000000000000000000000000
0000000001110111011100000000000000000000000000000000000000000000
0000000011101110111000000000000000000000000000000000000000000000
0000000111011101110000000000000000000000000000000000000000000000
0000001110111011100000000000000000000000000000000000000000000000
0000011101110111000000000000000000000000000000000000000000000000
0000111011101110000000000000000000000000000000000000000000000000
0001110111011100000000000000000000000000000000000000000000000000
0011101110111000000000000000000000000000000000000000000000000000
0111011101110000000000000000000000000000000000000000000000000000
1110111011100000000000000000000000000000000000000000000000000000
1101110111000000000000000000000000000000000000000000000000000111
1011101110000000000000000000000000000000000000000000000000001001
0111011100000000000000000000000000000000000000000000000000010101
1110111000000000000000000000000000000000000000000000000000101010
1101110000000000000000000000000000000000000000000000000001010011
1011100000000000000000000000000000000000000000000000000010100001
0111000000000000000000000000000000000000000000000000000101000101
1110000000000000000000000000000000000000000000000000001010001010
1100000000000000000000000000000000000000000000000000010100010011
1000000000000000000000000000000000000000000000000000101000100001
0000000000000000000000000000000000000000000000000001010001000101
0000000000000000000000000000000000000000000000000010100010001010
0000000000000000000000000000000000000000000000000101000100010100
0000000000000000000000000000000000000000000000001010001000101000
0000000000000000000000000000000000000000000000010100010001010000
0000000000000000000000000000000000000000000000101000100010100000
0000000000000000000000000000000000000000000001010001000101000000
0000000000000000000000000000000000000000000010100010001010000000
0000000000000000000000000000000000000000000101000100010100000000
0000000000000000000000000000000000000000001010001000101000000000
0000000000000000000000000000000000000000010100010001010000000000
0000000000000000000000000000000000000000101000100010100000000000
0000000000000000000000000000000000000001010001000101000000000000
0000000000000000000000000000000000000010100010001010000000000000
0000000000000000000000000000000000000101000100010100000000000000
0000000000000000000000000000000000001010001000101000000000000000
0000000000000000000000000000000000010100010001010000000000000000
0000000000000000000000000000000000101000100010100000000000000000
0000000000000000000000000000000001010001000101000000000000000000
0000000000000000000000000000000010100010001010000000000000000000
0000000000000000000000000000000101000100010100000000000000000000
0000000000000000000000000000001010001000101000000000000000000000
0000000000000000000000000000010100010001010000000000000000000000
0000000000000000000000000000101000100010100000000000000000000000
0000000000000000000000000001010001000101000000000000000000000000
0000000000000000000000000010100010001010000000000000000000000000
0000000000000000000000000101000100010100000000000000000000000000
0000000000000000000000001010001000101000000000000000000000000000
0000000000000000000000010100010001010000000000000000000000000000
0000000000000000000000101000100010100000000000000000000000000000
0000000000000000000001010001000101000000000000000000000000000000
0000000000000000000010100010001010000000000000000000000000000000
0000000000000000000101000100010100000000000000000000000000000000
0000000000000000001010001000101000000000000000000000000000000000
0000000000000000010100010001010000000000000000000000000000000000
0000000000000000101000100010100000000000000000000000000000000000
0000000000000001010001000101000000000000000000000000000000000000
0000000000000010100010001010000000000000000000000000000000000000
0000000000000101000100010100000000000000000000000000000000000000
0000000000001010001000101000000000000000000000000000000000000000
0000000000010100010001010000000000000000000000000000000000000000
0000000000101000100010100000000000000000000000000000000000000000
0000000001010001000101000000000000000000000000000000000000000000
0000000010100010001010000000000000000000000000000000000000000000
0000000101000100010100000000000000000000000000000000000000000000
0000001010001000101000000000000000000000000000000000000000000000
0000010100010001010000000000000000000000000000000000000000000000
0000101000100010100000000000000000000000000000000000000000000000
0001010001000101000000000000000000000000000000000000000000000000
0010100010001010000000000000000000000000000000000000000000000000
0101000100010100000000000000000000000000000000000000000000000000
1010001000101000000000000000000000000000000000000000000000000000
0100010001010000000000000000000000000000000000000000000000000111
1000100010100000000000000000000000000000000000000000000000001110
0001000101000000000000000000000000000000000000000000000000011011
0010001010000000000000000000000000000000000000000000000000110110
0100010100000000000000000000000000000000000000000000000001101100
1000101000000000000000000000000000000000000000000000000011011000
0001010000000000000000000000000000000000000000000000000110110111
0010100000000000000000000000000000000000000000000000001101101110
0101000000000000000000000000000000000000000000000000011011011100
1010000000000000000000000000000000000000000000000000110110111000
0100000000000000000000000000000000000000000000000001101101110111
1000000000000000000000000000000000000000000000000011011011101110
0000000000000000000000000000000000000000000000000110110111011011
0000000000000000000000000000000000000000000000001101101110110110
0000000000000000000000000000000000000000000000011011011101101100
0000000000000000000000000000000000000000000000110110111011011000
0000000000000000000000000000000000000000000001101101110110110000
0000000000000000000000000000000000000000000011011011101101100000
0000000000000000000000000000000000000000000110110111011011000000
0000000000000000000000000000000000000000001101101110110110000000
0000000000000000000000000000000000000000011011011101101100000000
0000000000000000000000000000000000000000110110111011011000000000
0000000000000000000000000000000000000001101101110110110000000000
0000000000000000000000000000000000000011011011101101100000000000
0000000000000000000000000000000000000110110111011011000000000000
0000000000000000000000000000000000001101101110110110000000000000
0000000000000000000000000000000000011011011101101100000000000000
0000000000000000000000000000000000110110111011011000000000000000
0000000000000000000000000000000001101101110110110000000000000000
0000000000000000000000000000000011011011101101100000000000000000
0000000000000000000000000000000110110111011011000000000000000000
0000000000000000000000000000001101101110110110000000000000000000
0000000000000000000000000000011011011101101100000000000000000000
0000000000000000000000000000110110111011011000000000000000000000
0000000000000000000000000001101101110110110000000000000000000000
0000000000000000000000000011011011101101100000000000000000000000
0000000000000000000000000110110111011011000000000000000000000000
0000000000000000000000001101101110110110000000000000000000000000
0000000000000000000000011011011101101100000000000000000000000000
0000000000000000000000110110111011011000000000000000000000000000
0000000000000000000001101101110110110000000000000000000000000000
0000000000000000000011011011101101100000000000000000000000000000
0000000000000000000110110111011011000000000000000000000000000000
0000000000000000001101101110110110000000000000000000000000000000
0000000000000000011011011101101100000000000000000000000000000000
0000000000000000110110111011011000000000000000000000000000000000
0000000000000001101101110110110000000000000000000000000000000000
0000000000000011011011101101100000000000000000000000000000000000
0000000000000110110111011011000000000000000000000000000000000000
0000000000001101101110110110000000000000000000000000000000000000
0000000000011011011101101100000000000000000000000000000000000000
0000000000110110111011011000000000000000000000000000000000000000
0000000001101101110110110000000000000000000000000000000000000000
0000000011011011101101100000000000000000000000000000000000000000
0000000110110111011011000000000000000000000000000000000000000000
0000001101101110110110000000000000000000000000000000000000000000
0000011011011101101100000000000000000000000000000000000000000000
0000110110111011011000000000000000000000000000000000000000000000
0001101101110110110000000000000000000000000000000000000000000000
0011011011101101100000000000000000000000000000000000000000000000
0110110111011011000000000000000000000000000000000000000000000000
1101101110110110000000000000000000000000000000000000000000000000
1011011101101100000000000000000000000000000000000000000000000111
0110111011011000000000000000000000000000000000000000000000001001
1101110110110000000000000000000000000000000000000000000000010010
1011101101100000000000000000000000000000000000000000000000100011
0111011011000000000000000000000000000000000000000000000001000001
1110110110000000000000000000000000000000000000000000000010000010
1101101100000000000000000000000000000000000000000000000100000011
1011011000000000000000000000000000000000000000000000001000000001
0110110000000000000000000000000000000000000000000000010000000101
1101100000000000000000000000000000000000000000000000100000001010
1011000000000000000000000000000000000000000000000001000000010011
0110000000000000000000000000000000000000000000000010000000100001
1100000000000000000000000000000000000000000000000100000001000010
1000000000000000000000000000000000000000000000001000000010000011
0000000000000000000000000000000000000000000000010000000100000001
0000000000000000000000000000000000000000000000100000001000000010
0000000000000000000000000000000000000000000001000000010000000100
0000000000000000000000000000000000000000000010000000100000001000
0000000000000000000000000000000000000000000100000001000000010000
0000000000000000000000000000000000000000001000000010000000100000
0000000000000000000000000000000000000000010000000100000001000000
0000000000000000000000000000000000000000100000001000000010000000
0000000000000000000000000000000000000001000000010000000100000000
0000000000000000000000000000000000000010000000100000001000000000
0000000000000000000000000000000000000100000001000000010000000000
0000000000000000000000000000000000001000000010000000100000000000
0000000000000000000000000000000000010000000100000001000000000000
0000000000000000000000000000000000100000001000000010000000000000
0000000000000000000000000000000001000000010000000100000000000000
0000000000000000000000000000000010000000100000001000000000000000
0000000000000000000000000000000100000001000000010000000000000000
0000000000000000000000000000001000000010000000100000000000000000
0000000000000000000000000000010000000100000001000000000000000000
0000000000000000000000000000100000001000000010000000000000000000
0000000000000000000000000001000000010000000100000000000000000000
0000000000000000000000000010000000100000001000000000000000000000
0000000000000000000000000100000001000000010000000000000000000000
0000000000000000000000001000000010000000100000000000000000000000
0000000000000000000000010000000100000001000000000000000000000000
0000000000000000000000100000001000000010000000000000000000000000
0000000000000000000001000000010000000100000000000000000000000000
0000000000000000000010000000100000001000000000000000000000000000
0000000000000000000100000001000000010000000000000000000000000000
0000000000000000001000000010000000100000000000000000000000000000
0000000000000000010000000100000001000000000000000000000000000000
0000000000000000100000001000000010000000000000000000000000000000
0000000000000001000000010000000100000000000000000000000000000000
0000000000000010000000100000001000000000000000000000000000000000
0000000000000100000001000000010000000000000000000000000000000000
0000000000001000000010000000100000000000000000000000000000000000
0000000000010000000100000001000000000000000000000000000000000000
0000000000100000001000000010000000000000000000000000000000000000
0000000001000000010000000100000000000000000000000000000000000000
0000000010000000100000001000000000000000000000000000000000000000
0000000100000001000000010000000000000000000000000000000000000000
0000001000000010000000100000000000000000000000000000000000000000
0000010000000100000001000000000000000000000000000000000000000000
0000100000001000000010000000000000000000000000000000000000000000
0001000000010000000100000000000000000000000000000000000000000000
0010000000100000001000000000000000000000000000000000000000000000
0100000001000000010000000000000000000000000000000000000000000000
1000000010000000100000000000000000000000000000000000000000000000
0000000100000001000000000000000000000000000000000000000000000111
0000001000000010000000000000000000000000000000000000000000001110
0000010000000100000000000000000000000000000000000000000000011100
0000100000001000000000000000000000000000000000000000000000111000
0001000000010000000000000000000000000000000000000000000001110000
0010000000100000000000000000000000000000000000000000000011100000
0100000001000000000000000000000000000000000000000000000111000000
1000000010000000000000000000000000000000000000000000001110000000
0000000100000000000000000000000000000000000000000000011100000111
0000001000000000000000000000000000000000000000000000111000001110
0000010000000000000000000000000000000000000000000001110000011100
0000100000000000000000000000000000000000000000000011100000111000
0001000000000000000000000000000000000000000000000111000001110000
0010000000000000000000000000000000000000000000001110000011100000
0100000000000000000000000000000000000000000000011100000111000000
1000000000000000000000000000000000000000000000111000001110000000
0000000000000000000000000000000000000000000001110000011100000111
0000000000000000000000000000000000000000000011100000111000001110
0000000000000000000000000000000000000000000111000001110000011100
0000000000000000000000000000000000000000001110000011100000111000
0000000000000000000000000000000000000000011100000111000001110000
0000000000000000000000000000000000000000111000001110000011100000
0000000000000000000000000000000000000001110000011100000111000000
0000000000000000000000000000000000000011100000111000001110000000
0000000000000000000000000000000000000111000001110000011100000000
0000000000000000000000000000000000001110000011100000111000000000
0000000000000000000000000000000000011100000111000001110000000000
0000000000000000000000000000000000111000001110000011100000000000
0000000000000000000000000000000001110000011100000111000000000000
0000000000000000000000000000000011100000111000001110000000000000
0000000000000000000000000000000111000001110000011100000000000000
0000000000000000000000000000001110000011100000111000000000000000
0000000000000000000000000000011100000111000001110000000000000000
0000000000000000000000000000111000001110000011100000000000000000
0000000000000000000000000001110000011100000111000000000000000000
0000000000000000000000000011100000111000001110000000000000000000
0000000000000000000000000111000001110000011100000000000000000000
0000000000000000000000001110000011100000111000000000000000000000
0000000000000000000000011100000111000001110000000000000000000000
0000000000000000000000111000001110000011100000000000000000000000
0000000000000000000001110000011100000111000000000000000000000000
0000000000000000000011100000111000001110000000000000000000000000
0000000000000000000111000001110000011100000000000000000000000000
0000000000000000001110000011100000111000000000000000000000000000
0000000000000000011100000111000001110000000000000000000000000000
0000000000000000111000001110000011100000000000000000000000000000
0000000000000001110000011100000111000000000000000000000000000000
0000000000000011100000111000001110000000000000000000000000000000
0000000000000111000001110000011100000000000000000000000000000000
0000000000001110000011100000111000000000000000000000000000000000
0000000000011100000111000001110000000000000000000000000000000000
0000000000111000001110000011100000000000000000000000000000000000
0000000001110000011100000111000000000000000000000000000000000000
0000000011100000111000001110000000000000000000000000000000000000
0000000111000001110000011100000000000000000000000000000000000000
0000001110000011100000111000000000000000000000000000000000000000
0000011100000111000001110000000000000000000000000000000000000000
0000111000001110000011100000000000000000000000000000000000000000
0001110000011100000111000000000000000000000000000000000000000000
0011100000111000001110000000000000000000000000000000000000000000
0111000001110000011100000000000000000000000000000000000000000000
1110000011100000111000000000000000000000000000000000000000000000
1100000111000001110000000000000000000000000000000000000000000111
1000001110000011100000000000000000000000000000000000000000001001
0000011100000111000000000000000000000000000000000000000000010101
0000111000001110000000000000000000000000000000000000000000101010
0001110000011100000000000000000000000000000000000000000001010100
0011100000111000000000000000000000000000000000000000000010101000
0111000001110000000000000000000000000000000000000000000101010000
1110000011100000000000000000000000000000000000000000001010100000
1100000111000000000000000000000000000000000000000000010101000111
1000001110000000000000000000000000000000000000000000101010001001
0000011100000000000000000000000000000000000000000001010100010101
0000111000000000000000000000000000000000000000000010101000101010
0001110000000000000000000000000000000000000000000101010001010100
0011100000000000000000000000000000000000000000001010100010101000
0111000000000000000000000000000000000000000000010101000101010000
1110000000000000000000000000000000000000000000101010001010100000
1100000000000000000000000000000000000000000001010100010101000111
1000000000000000000000000000000000000000000010101000101010001001
0000000000000000000000000000000000000000000101010001010100010101
0000000000000000000000000000000000000000001010100010101000101010
0000000000000000000000000000000000000000010101000101010001010100
0000000000000000000000000000000000000000101010001010100010101000
0000000000000000000000000000000000000001010100010101000101010000
0000000000000000000000000000000000000010101000101010001010100000
0000000000000000000000000000000000000101010001010100010101000000
0000000000000000000000000000000000001010100010101000101010000000
0000000000000000000000000000000000010101000101010001010100000000
0000000000000000000000000000000000101010001010100010101000000000
0000000000000000000000000000000001010100010101000101010000000000
0000000000000000000000000000000010101000101010001010100000000000
0000000000000000000000000000000101010001010100010101000000000000
0000000000000000000000000000001010100010101000101010000000000000
0000000000000000000000000000010101000101010001010100000000000000
0000000000000000000000000000101010001010100010101000000000000000
0000000000000000000000000001010100010101000101010000000000000000
0000000000000000000000000010101000101010001010100000000000000000
0000000000000000000000000101010001010100010101000000000000000000
0000000000000000000000001010100010101000101010000000000000000000
0000000000000000000000010101000101010001010100000000000000000000
0000000000000000000000101010001010100010101000000000000000000000
0000000000000000000001010100010101000101010000000000000000000000
0000000000000000000010101000101010001010100000000000000000000000
0000000000000000000101010001010100010101000000000000000000000000
0000000000000000001010100010101000101010000000000000000000000000
0000000000000000010101000101010001010100000000000000000000000000
0000000000000000101010001010100010101000000000000000000000000000
0000000000000001010100010101000101010000000000000000000000000000
0000000000000010101000101010001010100000000000000000000000000000
0000000000000101010001010100010101000000000000000000000000000000
0000000000001010100010101000101010000000000000000000000000000000
0000000000010101000101010001010100000000000000000000000000000000
0000000000101010001010100010101000000000000000000000000000000000
0000000001010100010101000101010000000000000000000000000000000000
0000000010101000101010001010100000000000000000000000000000000000
0000000101010001010100010101000000000000000000000000000000000000
0000001010100010101000101010000000000000000000000000000000000000
0000010101000101010001010100000000000000000000000000000000000000
0000101010001010100010101000000000000000000000000000000000000000
0001010100010101000101010000000000000000000000000000000000000000
0010101000101010001010100000000000000000000000000000000000000000
0101010001010100010101000000000000000000000000000000000000000000
1010100010101000101010000000000000000000000000000000000000000000
0101000101010001010100000000000000000000000000000000000000000111
1010001010100010101000000000000000000000000000000000000000001110
0100010101000101010000000000000000000000000000000000000000011011
1000101010001010100000000000000000000000000000000000000000110110
0001010100010101000000000000000000000000000000000000000001101011
0010101000101010000000000000000000000000000000000000000011010110
0101010001010100000000000000000000000000000000000000000110101100
1010100010101000000000000000000000000000000000000000001101011000
0101000101010000000000000000000000000000000000000000011010110111
1010001010100000000000000000000000000000000000000000110101101110
0100010101000000000000000000000000000000000000000001101011011011
1000101010000000000000000000000000000000000000000011010110110110
0001010100000000000000000000000000000000000000000110101101101011
0010101000000000000000000000000000000000000000001101011011010110
0101010000000000000000000000000000000000000000011010110110101100
1010100000000000000000000000000000000000000000110101101101011000
0101000000000000000000000000000000000000000001101011011010110111
1010000000000000000000000000000000000000000011010110110101101110
0100000000000000000000000000000000000000000110101101101011011011
1000000000000000000000000000000000000000001101011011010110110110
0000000000000000000000000000000000000000011010110110101101101011
0000000000000000000000000000000000000000110101101101011011010110
0000000000000000000000000000000000000001101011011010110110101100
0000000000000000000000000000000000000011010110110101101101011000
0000000000000000000000000000000000000110101101101011011010110000
0000000000000000000000000000000000001101011011010110110101100000
0000000000000000000000000000000000011010110110101101101011000000
0000000000000000000000000000000000110101101101011011010110000000
0000000000000000000000000000000001101011011010110110101100000000
0000000000000000000000000000000011010110110101101101011000000000
0000000000000000000000000000000110101101101011011010110000000000
0000000000000000000000000000001101011011010110110101100000000000
0000000000000000000000000000011010110110101101101011000000000000
0000000000000000000000000000110101101101011011010110000000000000
0000000000000000000000000001101011011010110110101100000000000000
0000000000000000000000000011010110110101101101011000000000000000
0000000000000000000000000110101101101011011010110000000000000000
0000000000000000000000001101011011010110110101100000000000000000
0000000000000000000000011010110110101101101011000000000000000000
0000000000000000000000110101101101011011010110000000000000000000
0000000000000000000001101011011010110110101100000000000000000000
0000000000000000000011010110110101101101011000000000000000000000
0000000000000000000110101101101011011010110000000000000000000000
0000000000000000001101011011010110110101100000000000000000000000
0000000000000000011010110110101101101011000000000000000000000000
0000000000000000110101101101011011010110000000000000000000000000
0000000000000001101011011010110110101100000000000000000000000000
0000000000000011010110110101101101011000000000000000000000000000
0000000000000110101101101011011010110000000000000000000000000000
0000000000001101011011010110110101100000000000000000000000000000
0000000000011010110110101101101011000000000000000000000000000000
0000000000110101101101011011010110000000000000000000000000000000
0000000001101011011010110110101100000000000000000000000000000000
0000000011010110110101101101011000000000000000000000000000000000
0000000110101101101011011010110000000000000000000000000000000000
0000001101011011010110110101100000000000000000000000000000000000
0000011010110110101101101011000000000000000000000000000000000000
0000110101101101011011010110000000000000000000000000000000000000
0001101011011010110110101100000000000000000000000000000000000000
0011010110110101101101011000000000000000000000000000000000000000
0110101101101011011010110000000000000000000000000000000000000000
1101011011010110110101100000000000000000000000000000000000000000
1010110110101101101011000000000000000000000000000000000000000111
0101101101011011010110000000000000000000000000000000000000001001
1011011010110110101100000000000000000000000000000000000000010010
0110110101101101011000000000000000000000000000000000000000100011
1101101011011010110000000000000000000000000000000000000001000110
1011010110110101100000000000000000000000000000000000000010001011
0110101101101011000000000000000000000000000000000000000100010001
1101011011010110000000000000000000000000000000000000001000100010
1010110110101100000000000000000000000000000000000000010001000011
0101101101011000000000000000000000000000000000000000100010000001
1011011010110000000000000000000000000000000000000001000100000010
0110110101100000000000000000000000000000000000000010001000000011
1101101011000000000000000000000000000000000000000100010000000110
1011010110000000000000000000000000000000000000001000100000001011
0110101100000000000000000000000000000000000000010001000000010001
1101011000000000000000000000000000000000000000100010000000100010
1010110000000000000000000000000000000000000001000100000001000011
0101100000000000000000000000000000000000000010001000000010000001
1011000000000000000000000000000000000000000100010000000100000010
0110000000000000000000000000000000000000001000100000001000000011
1100000000000000000000000000000000000000010001000000010000000110
1000000000000000000000000000000000000000100010000000100000001011
0000000000000000000000000000000000000001000100000001000000010001
0000000000000000000000000000000000000010001000000010000000100010
0000000000000000000000000000000000000100010000000100000001000100
0000000000000000000000000000000000001000100000001000000010001000
0000000000000000000000000000000000010001000000010000000100010000
0000000000000000000000000000000000100010000000100000001000100000
0000000000000000000000000000000001000100000001000000010001000000
0000000000000000000000000000000010001000000010000000100010000000
0000000000000000000000000000000100010000000100000001000100000000
0000000000000000000000000000001000100000001000000010001000000000
0000000000000000000000000000010001000000010000000100010000000000
0000000000000000000000000000100010000000100000001000100000000000
0000000000000000000000000001000100000001000000010001000000000000
0000000000000000000000000010001000000010000000100010000000000000
0000000000000000000000000100010000000100000001000100000000000000
0000000000000000000000001000100000001000000010001000000000000000
0000000000000000000000010001000000010000000100010000000000000000
0000000000000000000000100010000000100000001000100000000000000000
0000000000000000000001000100000001000000010001000000000000000000
0000000000000000000010001000000010000000100010000000000000000000
0000000000000000000100010000000100000001000100000000000000000000
0000000000000000001000100000001000000010001000000000000000000000
0000000000000000010001000000010000000100010000000000000000000000
0000000000000000100010000000100000001000100000000000000000000000
0000000000000001000100000001000000010001000000000000000000000000
0000000000000010001000000010000000100010000000000000000000000000
0000000000000100010000000100000001000100000000000000000000000000
0000000000001000100000001000000010001000000000000000000000000000
0000000000010001000000010000000100010000000000000000000000000000
0000000000100010000000100000001000100000000000000000000000000000
0000000001000100000001000000010001000000000000000000000000000000
0000000010001000000010000000100010000000000000000000000000000000
0000000100010000000100000001000100000000000000000000000000000000
0000001000100000001000000010001000000000000000000000000000000000
0000010001000000010000000100010000000000000000000000000000000000
0000100010000000100000001000100000000000000000000000000000000000
0001000100000001000000010001000000000000000000000000000000000000
0010001000000010000000100010000000000000000000000000000000000000
0100010000000100000001000100000000000000000000000000000000000000
1000100000001000000010001000000000000000000000000000000000000000
0001000000010000000100010000000000000000000000000000000000000111
0010000000100000001000100000000000000000000000000000000000001110
0100000001000000010001000000000000000000000000000000000000011100
1000000010000000100010000000000000000000000000000000000000111000
0000000100000001000100000000000000000000000000000000000001110111
0000001000000010001000000000000000000000000000000000000011101110
0000010000000100010000000000000000000000000000000000000111011100
0000100000001000100000000000000000000000000000000000001110111000
0001000000010001000000000000000000000000000000000000011101110000
0010000000100010000000000000000000000000000000000000111011100000
0100000001000100000000000000000000000000000000000001110111000000
1000000010001000000000000000000000000000000000000011101110000000
0000000100010000000000000000000000000000000000000111011100000111
0000001000100000000000000000000000000000000000001110111000001110
0000010001000000000000000000000000000000000000011101110000011100
0000100010000000000000000000000000000000000000111011100000111000
0001000100000000000000000000000000000000000001110111000001110000
0010001000000000000000000000000000000000000011101110000011100000
0100010000000000000000000000000000000000000111011100000111000000
1000100000000000000000000000000000000000001110111000001110000000
0001000000000000000000000000000000000000011101110000011100000111
0010000000000000000000000000000000000000111011100000111000001110
0100000000000000000000000000000000000001110111000001110000011100
1000000000000000000000000000000000000011101110000011100000111000
0000000000000000000000000000000000000111011100000111000001110111
0000000000000000000000000000000000001110111000001110000011101110
0000000000000000000000000000000000011101110000011100000111011100
0000000000000000000000000000000000111011100000111000001110111000
0000000000000000000000000000000001110111000001110000011101110000
0000000000000000000000000000000011101110000011100000111011100000
0000000000000000000000000000000111011100000111000001110111000000
0000000000000000000000000000001110111000001110000011101110000000
0000000000000000000000000000011101110000011100000111011100000000
0000000000000000000000000000111011100000111000001110111000000000
0000000000000000000000000001110111000001110000011101110000000000
0000000000000000000000000011101110000011100000111011100000000000
0000000000000000000000000111011100000111000001110111000000000000
0000000000000000000000001110111000001110000011101110000000000000
0000000000000000000000011101110000011100000111011100000000000000
0000000000000000000000111011100000111000001110111000000000000000
0000000000000000000001110111000001110000011101110000000000000000
0000000000000000000011101110000011100000111011100000000000000000
0000000000000000000111011100000111000001110111000000000000000000
0000000000000000001110111000001110000011101110000000000000000000
0000000000000000011101110000011100000111011100000000000000000000
0000000000000000111011100000111000001110111000000000000000000000
0000000000000001110111000001110000011101110000000000000000000000
0000000000000011101110000011100000111011100000000000000000000000
0000000000000111011100000111000001110111000000000000000000000000
0000000000001110111000001110000011101110000000000000000000000000
0000000000011101110000011100000111011100000000000000000000000000
0000000000111011100000111000001110111000000000000000000000000000
0000000001110111000001110000011101110000000000000000000000000000
0000000011101110000011100000111011100000000000000000000000000000
0000000111011100000111000001110111000000000000000000000000000000
0000001110111000001110000011101110000000000000000000000000000000
0000011101110000011100000111011100000000000000000000000000000000
0000111011100000111000001110111000000000000000000000000000000000
0001110111000001110000011101110000000000000000000000000000000000
0011101110000011100000111011100000000000000000000000000000000000
0111011100000111000001110111000000000000000000000000000000000000
1110111000001110000011101110000000000000000000000000000000000000
1101110000011100000111011100000000000000000000000000000000000111
1011100000111000001110111000000000000000000000000000000000001001
0111000001110000011101110000000000000000000000000000000000010101
1110000011100000111011100000000000000000000000000000000000101010
1100000111000001110111000000000000000000000000000000000001010011
1000001110000011101110000000000000000000000000000000000010100001
0000011100000111011100000000000000000000000000000000000101000101
0000111000001110111000000000000000000000000000000000001010001010
0001110000011101110000000000000000000000000000000000010100010100
0011100000111011100000000000000000000000000000000000101000101000
0111000001110111000000000000000000000000000000000001010001010000
1110000011101110000000000000000000000000000000000010100010100000
1100000111011100000000000000000000000000000000000101000101000111
1000001110111000000000000000000000000000000000001010001010001001
0000011101110000000000000000000000000000000000010100010100010101
0000111011100000000000000000000000000000000000101000101000101010
0001110111000000000000000000000000000000000001010001010001010100
0011101110000000000000000000000000000000000010100010100010101000
0111011100000000000000000000000000000000000101000101000101010000
1110111000000000000000000000000000000000001010001010001010100000
1101110000000000000000000000000000000000010100010100010101000111
1011100000000000000000000000000000000000101000101000101010001001
0111000000000000000000000000000000000001010001010001010100010101
1110000000000000000000000000000000000010100010100010101000101010
1100000000000000000000000000000000000101000101000101010001010011
1000000000000000000000000000000000001010001010001010100010100001
0000000000000000000000000000000000010100010100010101000101000101
0000000000000000000000000000000000101000101000101010001010001010
0000000000000000000000000000000001010001010001010100010100010100
0000000000000000000000000000000010100010100010101000101000101000
0000000000000000000000000000000101000101000101010001010001010000
0000000000000000000000000000001010001010001010100010100010100000
0000000000000000000000000000010100010100010101000101000101000000
0000000000000000000000000000101000101000101010001010001010000000
0000000000000000000000000001010001010001010100010100010100000000
0000000000000000000000000010100010100010101000101000101000000000
0000000000000000000000000101000101000101010001010001010000000000
0000000000000000000000001010001010001010100010100010100000000000
0000000000000000000000010100010100010101000101000101000000000000
0000000000000000000000101000101000101010001010001010000000000000
0000000000000000000001010001010001010100010100010100000000000000
0000000000000000000010100010100010101000101000101000000000000000
0000000000000000000101000101000101010001010001010000000000000000
0000000000000000001010001010001010100010100010100000000000000000
0000000000000000010100010100010101000101000101000000000000000000
0000000000000000101000101000101010001010001010000000000000000000
0000000000000001010001010001010100010100010100000000000000000000
0000000000000010100010100010101000101000101000000000000000000000
0000000000000101000101000101010001010001010000000000000000000000
0000000000001010001010001010100010100010100000000000000000000000
0000000000010100010100010101000101000101000000000000000000000000
0000000000101000101000101010001010001010000000000000000000000000
0000000001010001010001010100010100010100000000000000000000000000
0000000010100010100010101000101000101000000000000000000000000000
0000000101000101000101010001010001010000000000000000000000000000
0000001010001010001010100010100010100000000000000000000000000000
0000010100010100010101000101000101000000000000000000000000000000
0000101000101000101010001010001010000000000000000000000000000000
0001010001010001010100010100010100000000000000000000000000000000
0010100010100010101000101000101000000000000000000000000000000000
0101000101000101010001010001010000000000000000000000000000000000
1010001010001010100010100010100000000000000000000000000000000000
0100010100010101000101000101000000000000000000000000000000000111
1000101000101010001010001010000000000000000000000000000000001110
0001010001010100010100010100000000000000000000000000000000011011
0010100010101000101000101000000000000000000000000000000000110110
0101000101010001010001010000000000000000000000000000000001101100
1010001010100010100010100000000000000000000000000000000011011000
0100010101000101000101000000000000000000000000000000000110110111
1000101010001010001010000000000000000000000000000000001101101110
0001010100010100010100000000000000000000000000000000011011011011
0010101000101000101000000000000000000000000000000000110110110110
0101010001010001010000000000000000000000000000000001101101101100
1010100010100010100000000000000000000000000000000011011011011000
0101000101000101000000000000000000000000000000000110110110110111
1010001010001010000000000000000000000000000000001101101101101110
0100010100010100000000000000000000000000000000011011011011011011
1000101000101000000000000000000000000000000000110110110110110110
0001010001010000000000000000000000000000000001101101101101101011
0010100010100000000000000000000000000000000011011011011011010110
0101000101000000000000000000000000000000000110110110110110101100
1010001010000000000000000000000000000000001101101101101101011000
0100010100000000000000000000000000000000011011011011011010110111
1000101000000000000000000000000000000000110110110110110101101110
0001010000000000000000000000000000000001101101101101101011011011
0010100000000000000000000000000000000011011011011011010110110110
0101000000000000000000000000000000000110110110110110101101101100
1010000000000000000000000000000000001101101101101101011011011000
0100000000000000000000000000000000011011011011011010110110110111
1000000000000000000000000000000000110110110110110101101101101110
0000000000000000000000000000000001101101101101101011011011011011
0000000000000000000000000000000011011011011011010110110110110110
0000000000000000000000000000000110110110110110101101101101101100
0000000000000000000000000000001101101101101101011011011011011000
0000000000000000000000000000011011011011011010110110110110110000
0000000000000000000000000000110110110110110101101101101101100000
0000000000000000000000000001101101101101101011011011011011000000
0000000000000000000000000011011011011011010110110110110110000000
0000000000000000000000000110110110110110101101101101101100000000
0000000000000000000000001101101101101101011011011011011000000000
0000000000000000000000011011011011011010110110110110110000000000
0000000000000000000000110110110110110101101101101101100000000000
0000000000000000000001101101101101101011011011011011000000000000
0000000000000000000011011011011011010110110110110110000000000000
0000000000000000000110110110110110101101101101101100000000000000
0000000000000000001101101101101101011011011011011000000000000000
0000000000000000011011011011011010110110110110110000000000000000
0000000000000000110110110110110101101101101101100000000000000000
0000000000000001101101101101101011011011011011000000000000000000
0000000000000011011011011011010110110110110110000000000000000000
0000000000000110110110110110101101101101101100000000000000000000
0000000000001101101101101101011011011011011000000000000000000000
0000000000011011011011011010110110110110110000000000000000000000
0000000000110110110110110101101101101101100000000000000000000000
0000000001101101101101101011011011011011000000000000000000000000
0000000011011011011011010110110110110110000000000000000000000000
0000000110110110110110101101101101101100000000000000000000000000
0000001101101101101101011011011011011000000000000000000000000000
0000011011011011011010110110110110110000000000000000000000000000
0000110110110110110101101101101101100000000000000000000000000000
0001101101101101101011011011011011000000000000000000000000000000
0011011011011011010110110110110110000000000000000000000000000000
0110110110110110101101101101101100000000000000000000000000000000
1101101101101101011011011011011000000000000000000000000000000000
1011011011011010110110110110110000000000000000000000000000000111
0110110110110101101101101101100000000000000000000000000000001001
1101101101101011011011011011000000000000000000000000000000010010
1011011011010110110110110110000000000000000000000000000000100011
0110110110101101101101101100000000000000000000000000000001000001
1101101101011011011011011000000000000000000000000000000010000010
1011011010110110110110110000000000000000000000000000000100000011
0110110101101101101101100000000000000000000000000000001000000001
1101101011011011011011000000000000000000000000000000010000000010
1011010110110110110110000000000000000000000000000000100000000011
0110101101101101101100000000000000000000000000000001000000000001
1101011011011011011000000000000000000000000000000010000000000010
1010110110110110110000000000000000000000000000000100000000000011
0101101101101101100000000000000000000000000000001000000000000001
1011011011011011000000000000000000000000000000010000000000000010
0110110110110110000000000000000000000000000000100000000000000011
1101101101101100000000000000000000000000000001000000000000000110
1011011011011000000000000000000000000000000010000000000000001011
0110110110110000000000000000000000000000000100000000000000010001
1101101101100000000000000000000000000000001000000000000000100010
1011011011000000000000000000000000000000010000000000000001000011
0110110110000000000000000000000000000000100000000000000010000001
1101101100000000000000000000000000000001000000000000000100000010
1011011000000000000000000000000000000010000000000000001000000011
0110110000000000000000000000000000000100000000000000010000000001
1101100000000000000000000000000000001000000000000000100000000010
1011000000000000000000000000000000010000000000000001000000000011
0110000000000000000000000000000000100000000000000010000000000001
1100000000000000000000000000000001000000000000000100000000000010
1000000000000000000000000000000010000000000000001000000000000011
0000000000000000000000000000000100000000000000010000000000000001
